0,273
0,270
10,17
10,68
10,216
10,148
10,165
10,117
10,228
9,5
9,7
9,2
9,3
8,8
8,10
8,16
8,13
8,2
8,3
180,3
180,2
180,1
180,0
179,3
179,2
179,1
179,0
154,3
154,2
154,1
154,0
142,4
142,3
142,1
136,3
136,1
135,3
135,1
134,3
134,2
134,1
133,3
133,2
133,1
132,3
132,1
131,3
131,1
129,4
129,3
129,1
28,3
28,2
28,1
28,0
20,3
20,2
20,1
19,3
19,2
19,1
14,2
13,2
12,3
12,2
12,1
11,28
11,27
11,26
11,25
11,24
11,23
11,22
11,21
11,20
11,19
11,18
11,17
11,16
11,15
11,14
11,13
11,12
11,11
11,10
11,9
11,8
11,7
11,6
11,5
11,4
11,3
11,2
11,1
10,302
10,300
10,294
10,293
10,292
10,289
10,288
10,286
10,268
10,249
10,232
10,226
10,211
10,193
10,191
10,185
10,173
10,154
10,153
10,139
10,138
10,108
10,106
18,1
10,98
18,3
14,1
